"id","dt","2020090624","2020090703","2020090706","2020090709","2020090712","2020090715","2020090718","2020090721","2020090724","2020090803","2020090806","2020090809","2020090812","2020090815","2020090818","2020090821","2020090824"
"11001","2020/09/06 23:25","190","190","190","210","220","200","190","190","180","180","180","180","200","210","230","220","210"
"11016","2020/09/06 23:25","210","200","200","230","240","230","200","200","200","200","190","200","240","230","230","220","210"
"11046","2020/09/06 23:25","190","200","200","240","240","220","200","200","200","190","190","220","240","250","230","210","210"
"11076","2020/09/06 23:25","190","180","180","210","210","200","190","190","180","170","180","190","220","220","210","210","200"
"11121","2020/09/06 23:25","180","170","180","220","240","230","200","180","180","170","170","210","260","250","220","210","190"
"11151","2020/09/06 23:25","190","190","190","230","240","240","220","200","210","210","210","250","270","260","230","210","200"
"11176","2020/09/06 23:25","190","190","190","220","240","240","200","190","190","190","180","220","270","260","220","220","200"
"11206","2020/09/06 23:25","200","190","180","230","240","210","190","190","190","180","180","210","230","240","210","220","210"
"11276","2020/09/06 23:25","210","180","180","230","250","240","200","190","190","180","190","230","270","270","230","220","210"
"11291","2020/09/06 23:25","210","190","190","210","220","210","190","190","190","180","180","210","220","220","210","210","210"
"11316","2020/09/06 23:25","200","170","160","230","240","240","190","180","180","180","180","210","260","270","230","210","200"
"12011","2020/09/06 23:25","200","170","180","230","260","260","210","190","190","180","190","230","280","280","240","220","200"
"12041","2020/09/06 23:25","210","190","190","230","260","260","210","200","190","190","190","240","280","270","240","220","210"
"12141","2020/09/06 23:25","210","190","190","220","260","260","240","210","210","200","200","240","290","280","250","230","220"
"12181","2020/09/06 23:25","210","180","180","230","270","270","230","210","200","200","190","240","290","280","250","230","220"
"12231","2020/09/06 23:25","220","180","180","230","270","270","220","200","200","190","190","250","290","290","250","230","210"
"12261","2020/09/06 23:25","210","190","180","220","270","270","240","220","210","200","200","260","300","290","250","230","220"
"12266","2020/09/06 23:25","210","200","190","230","270","270","230","220","210","190","200","260","290","290","250","230","220"
"12301","2020/09/06 23:25","220","190","180","230","270","270","250","220","210","190","200","260","300","290","250","240","230"
"12386","2020/09/06 23:25","200","200","200","240","270","270","240","220","200","190","200","260","310","290","240","220","210"
"12396","2020/09/06 23:25","200","190","190","240","280","270","240","220","210","200","190","240","290","280","240","230","210"
"12411","2020/09/06 23:25","180","180","170","230","260","260","230","210","190","170","170","250","290","280","240","210","200"
"12442","2020/09/06 23:25","200","200","200","240","280","270","250","230","220","200","210","240","310","290","260","240","230"
"12451","2020/09/06 23:25","190","190","190","240","290","280","240","220","210","190","210","260","320","310","260","240","230"
"12512","2020/09/06 23:25","170","170","180","240","270","260","220","200","190","180","190","260","300","290","240","220","210"
"12551","2020/09/06 23:25","170","160","190","240","270","260","230","210","200","190","200","250","300","290","250","230","220"
"12596","2020/09/06 23:25","200","190","200","250","270","260","230","220","210","200","210","270","320","300","260","240","230"
"12626","2020/09/06 23:25","220","200","210","250","270","250","230","220","210","200","210","270","320","300","260","240","220"
"12632","2020/09/06 23:25","210","190","210","250","260","260","220","220","210","200","210","280","300","300","250","220","210"
"12691","2020/09/06 23:25","200","190","200","210","230","230","200","200","200","200","200","260","290","290","250","230","210"
"12746","2020/09/06 23:25","190","180","190","240","250","250","220","200","190","180","180","260","290","290","230","190","200"
"15041","2020/09/06 23:25","180","170","170","220","260","270","220","200","180","170","190","250","280","270","220","200","190"
"15076","2020/09/06 23:25","200","180","190","230","270","270","240","220","200","180","190","250","290","290","240","210","210"
"13061","2020/09/06 23:25","190","180","180","230","270","260","210","200","190","190","210","250","260","250","220","210","190"
"13086","2020/09/06 23:25","200","190","190","240","260","260","230","210","200","200","210","260","280","270","230","210","200"
"13121","2020/09/06 23:25","190","190","200","250","270","260","230","210","210","210","220","270","280","270","230","210","210"
"13146","2020/09/06 23:25","210","210","210","240","260","250","220","210","220","220","220","260","260","250","210","210","200"
"13181","2020/09/06 23:25","210","200","200","260","270","250","240","220","210","220","220","280","280","270","240","220","210"
"13261","2020/09/06 23:25","200","180","180","250","280","280","230","220","200","190","210","270","290","280","230","220","210"
"13277","2020/09/06 23:25","200","190","200","250","270","250","230","220","220","210","220","260","280","270","230","230","220"
"13311","2020/09/06 23:25","180","170","190","260","270","250","230","220","220","190","230","280","270","270","230","230","220"
"13321","2020/09/06 23:25","190","190","200","230","270","270","230","210","210","200","220","250","280","270","230","220","210"
"14026","2020/09/06 23:25","210","210","220","250","290","280","240","230","220","210","230","270","280","270","250","230","220"
"14071","2020/09/06 23:25","210","200","210","250","290","280","230","220","220","220","230","260","280","270","230","220","210"
"14101","2020/09/06 23:25","200","200","200","260","280","270","230","220","220","220","220","260","280","280","230","220","210"
"14116","2020/09/06 23:25","220","220","230","270","290","280","240","220","220","220","230","280","300","290","240","220","210"
"14121","2020/09/06 23:25","200","210","210","250","280","260","230","220","220","220","220","260","280","270","220","210","210"
"14136","2020/09/06 23:25","200","200","200","260","270","270","230","220","220","220","220","260","280","280","230","220","210"
"14163","2020/09/06 23:25","200","220","230","250","270","260","240","230","230","230","230","270","290","280","250","250","240"
"14206","2020/09/06 23:25","210","200","210","250","250","240","220","210","220","220","220","250","280","270","220","220","210"
"14286","2020/09/06 23:25","200","200","200","210","220","220","210","210","210","210","210","240","270","250","220","220","210"
"15116","2020/09/06 23:25","190","190","200","240","280","280","240","230","210","200","210","250","290","280","240","220","210"
"15161","2020/09/06 23:25","200","190","190","240","280","270","230","220","200","190","200","250","290","280","240","230","210"
"15231","2020/09/06 23:25","190","180","190","240","270","270","230","220","210","190","200","260","300","280","240","220","210"
"15241","2020/09/06 23:25","200","190","200","240","270","270","230","220","210","200","220","270","290","280","240","230","220"
"15251","2020/09/06 23:25","200","200","200","240","260","260","240","220","210","200","200","260","300","300","250","230","210"
"15311","2020/09/06 23:25","200","200","210","250","280","270","230","220","220","230","220","260","290","280","230","220","210"
"15321","2020/09/06 23:25","200","190","200","250","280","280","240","230","220","210","220","270","300","290","240","230","210"
"15356","2020/09/06 23:25","200","200","200","260","270","270","240","230","210","210","220","270","290","280","230","230","220"
"15431","2020/09/06 23:25","200","200","210","260","270","260","230","220","220","220","220","260","280","280","230","230","220"
"15442","2020/09/06 23:25","200","200","210","240","260","260","230","220","200","200","210","260","290","280","230","220","210"
"16026","2020/09/06 23:25","180","180","190","260","270","250","220","210","190","200","220","280","300","290","240","220","210"
"16061","2020/09/06 23:25","210","200","210","260","270","270","240","230","220","220","230","270","290","270","240","230","220"
"16076","2020/09/06 23:25","180","190","200","260","280","270","230","220","200","220","230","280","290","290","240","230","220"
"16091","2020/09/06 23:25","200","190","200","250","280","280","240","220","210","210","220","270","280","280","240","230","220"
"16156","2020/09/06 23:25","210","200","210","260","280","260","240","220","220","230","220","280","290","280","240","230","220"
"16206","2020/09/06 23:25","210","200","210","250","270","260","230","210","200","200","210","260","280","280","250","230","200"
"16217","2020/09/06 23:25","210","200","210","250","280","270","230","220","210","200","210","260","290","280","240","230","210"
"16252","2020/09/06 23:25","210","210","210","260","280","260","220","220","210","210","220","270","290","280","230","230","220"
"16281","2020/09/06 23:25","180","190","200","230","250","260","210","200","200","190","190","250","260","260","220","210","200"
"16286","2020/09/06 23:25","190","190","200","240","260","260","220","200","190","180","190","270","280","280","230","210","200"
"16321","2020/09/06 23:25","200","200","200","240","260","240","210","210","210","210","210","260","280","280","240","220","200"
"17036","2020/09/06 23:25","210","190","200","230","230","220","190","190","180","180","190","210","220","230","210","210","210"
"17076","2020/09/06 23:25","200","180","190","240","240","230","190","180","180","180","190","210","230","230","210","200","200"
"17091","2020/09/06 23:25","200","180","180","230","250","250","200","180","180","180","180","220","280","270","230","220","220"
"17112","2020/09/06 23:25","200","210","200","230","240","230","210","190","200","190","190","210","240","240","220","220","200"
"17166","2020/09/06 23:25","200","190","190","240","240","220","190","180","180","180","190","220","250","240","210","200","190"
"17196","2020/09/06 23:25","200","170","170","220","250","250","210","180","180","180","180","210","270","280","240","210","200"
"17246","2020/09/06 23:25","190","180","190","240","250","240","210","200","200","190","190","220","250","250","200","200","190"
"17306","2020/09/06 23:25","200","190","180","240","260","260","220","190","190","190","190","210","270","270","240","210","200"
"17316","2020/09/06 23:25","190","180","190","240","270","260","220","190","180","200","190","210","270","270","220","200","180"
"17341","2020/09/06 23:25","190","210","220","240","240","220","230","210","200","210","200","220","250","250","220","220","210"
"17351","2020/09/06 23:25","180","180","200","250","250","260","220","210","210","200","200","240","280","270","230","220","210"
"17482","2020/09/06 23:25","180","150","160","230","240","230","210","200","180","160","170","240","290","270","240","210","190"
"17501","2020/09/06 23:25","180","160","170","240","260","260","230","200","200","190","180","220","290","290","240","210","190"
"17521","2020/09/06 23:25","190","180","200","240","260","260","240","220","210","200","200","240","300","290","250","230","210"
"17546","2020/09/06 23:25","210","200","210","250","260","250","220","210","210","210","210","240","270","280","240","220","220"
"17561","2020/09/06 23:25","170","170","190","260","270","280","240","220","210","200","200","240","270","270","250","220","220"
"17596","2020/09/06 23:25","170","160","160","230","260","260","220","200","190","170","170","230","290","280","240","210","190"
"17607","2020/09/06 23:25","190","180","190","240","260","270","230","220","210","190","190","240","310","310","250","220","210"
"17631","2020/09/06 23:25","190","180","200","240","260","270","230","210","210","200","200","230","300","310","250","220","210"
"17717","2020/09/06 23:25","200","190","200","240","260","270","240","220","210","200","200","240","310","310","250","220","220"
"18038","2020/09/06 23:25","190","180","190","220","230","220","210","200","190","180","190","220","240","250","210","200","190"
"18136","2020/09/06 23:25","200","200","200","230","240","230","210","200","200","190","190","220","250","250","200","200","190"
"18161","2020/09/06 23:25","190","200","200","210","220","230","210","200","200","200","200","220","270","280","230","210","200"
"18171","2020/09/06 23:25","200","200","200","210","220","220","210","210","200","200","200","220","280","270","220","210","200"
"18256","2020/09/06 23:25","200","190","200","220","230","220","200","200","200","200","200","220","280","270","210","190","190"
"18273","2020/09/06 23:25","200","190","190","210","220","220","190","190","190","180","190","220","260","240","190","190","190"
"18281","2020/09/06 23:25","190","180","190","220","230","220","190","180","180","180","190","220","260","240","190","180","180"
"18311","2020/09/06 23:25","190","190","190","210","220","210","190","190","190","190","190","220","270","260","210","200","190"
"19021","2020/09/06 23:25","200","190","210","230","210","210","210","210","200","200","210","230","270","280","240","220","210"
"19051","2020/09/06 23:25","190","190","190","200","210","210","200","200","190","190","200","220","270","280","240","220","220"
"19076","2020/09/06 23:25","170","170","190","210","240","240","210","210","200","190","180","230","280","290","240","230","210"
"19151","2020/09/06 23:25","200","190","200","200","220","230","210","200","190","190","190","220","280","280","240","220","210"
"19191","2020/09/06 23:25","200","200","200","210","220","220","210","200","200","190","190","220","280","280","250","220","220"
"19261","2020/09/06 23:25","200","200","200","210","220","230","210","200","200","200","200","230","290","290","250","230","220"
"19311","2020/09/06 23:25","200","180","180","190","210","200","190","190","190","190","190","210","250","240","210","210","200"
"19376","2020/09/06 23:25","190","190","190","200","220","200","200","190","190","190","190","220","280","270","220","210","210"
"19416","2020/09/06 23:25","200","190","190","210","200","200","190","190","190","190","200","230","260","250","210","200","200"
"19432","2020/09/06 23:25","200","190","200","210","210","210","210","200","200","200","190","210","260","260","220","220","220"
"19451","2020/09/06 23:25","190","190","190","200","200","200","190","190","190","190","190","220","250","240","210","210","210"
"20146","2020/09/06 23:25","200","190","190","210","230","240","220","210","210","200","200","230","290","290","250","220","200"
"20186","2020/09/06 23:25","170","160","170","210","210","220","200","190","180","160","160","230","280","280","220","200","180"
"20266","2020/09/06 23:25","190","190","180","190","220","220","210","200","200","190","190","220","280","290","240","230","210"
"20276","2020/09/06 23:25","210","200","200","210","240","240","230","220","210","210","200","230","310","320","260","240","210"
"20341","2020/09/06 23:25","200","190","190","210","230","240","220","210","200","200","200","220","290","300","260","230","210"
"20356","2020/09/06 23:25","200","200","190","200","220","230","210","200","200","200","200","230","280","290","250","240","220"
"20361","2020/09/06 23:25","200","200","190","200","220","220","220","210","200","190","200","220","290","300","250","240","220"
"20371","2020/09/06 23:25","200","200","190","200","220","230","210","200","200","190","190","220","280","300","250","230","210"
"20421","2020/09/06 23:25","200","200","190","200","220","210","220","200","200","190","200","210","290","300","240","230","210"
"20432","2020/09/06 23:25","210","200","200","210","220","230","210","200","200","190","200","220","290","300","240","230","220"
"20441","2020/09/06 23:25","200","190","190","210","230","230","210","200","200","200","190","220","280","290","240","210","210"
"20506","2020/09/06 23:25","200","190","200","210","220","230","210","200","200","200","200","240","290","290","240","210","210"
"20556","2020/09/06 23:25","200","190","190","210","220","230","200","200","190","190","190","230","280","290","240","210","200"
"20601","2020/09/06 23:25","190","190","190","190","210","220","200","190","190","190","190","210","280","270","210","200","200"
"20606","2020/09/06 23:25","200","190","190","200","220","230","210","200","200","190","200","220","280","290","230","210","210"
"20631","2020/09/06 23:25","200","190","190","200","220","210","190","190","190","190","200","220","270","260","210","190","190"
"20696","2020/09/06 23:25","190","190","190","200","220","220","200","190","190","190","200","210","280","280","210","190","190"
"20751","2020/09/06 23:25","200","190","190","200","200","200","190","190","190","190","200","210","260","250","210","200","190"
"21111","2020/09/06 23:25","200","210","220","250","270","260","230","220","210","210","220","270","290","280","230","220","220"
"21126","2020/09/06 23:25","190","200","200","250","270","260","230","220","200","190","200","260","300","300","230","210","200"
"21161","2020/09/06 23:25","190","180","190","220","240","250","210","200","200","190","180","260","290","270","220","200","180"
"21171","2020/09/06 23:25","190","190","200","220","240","230","220","200","210","210","200","250","280","270","220","200","200"
"21187","2020/09/06 23:25","210","200","210","230","240","240","220","210","210","210","210","250","260","270","230","230","220"
"21226","2020/09/06 23:25","210","200","210","250","280","260","220","210","210","210","200","260","280","270","230","210","200"
"21261","2020/09/06 23:25","210","200","200","230","240","240","210","210","210","210","210","240","250","240","220","210","210"
"21276","2020/09/06 23:25","210","210","210","240","260","250","230","220","220","220","220","260","280","270","220","210","210"
"21297","2020/09/06 23:25","230","220","220","250","270","260","230","220","210","200","200","260","280","280","240","230","210"
"21312","2020/09/06 23:25","200","200","210","220","230","230","210","200","210","200","200","250","280","270","210","200","200"
"21323","2020/09/06 23:25","210","210","210","220","240","240","220","210","210","200","210","240","280","270","230","220","210"
"22036","2020/09/06 23:25","200","190","190","240","260","260","230","210","200","190","190","260","300","300","250","220","210"
"22141","2020/09/06 23:25","210","200","210","240","250","240","220","220","220","220","220","260","270","270","230","220","210"
"22156","2020/09/06 23:25","190","190","200","250","270","260","230","230","220","210","210","270","310","300","240","210","200"
"22241","2020/09/06 23:25","210","210","210","250","250","250","240","230","220","220","220","260","280","280","230","220","200"
"22291","2020/09/06 23:25","220","210","220","260","260","250","230","220","230","230","220","270","300","290","220","190","190"
"22306","2020/09/06 23:25","210","190","200","250","260","240","220","220","210","200","200","270","310","300","210","180","180"
"22327","2020/09/06 23:25","220","200","210","240","260","240","230","220","220","210","210","250","280","270","220","210","210"
"22391","2020/09/06 23:25","190","190","190","190","210","210","200","190","190","180","190","210","250","240","200","200","190"
"23031","2020/09/06 23:25","210","210","210","230","260","240","210","210","210","210","200","250","250","250","220","210","200"
"23086","2020/09/06 23:25","200","210","210","230","240","230","210","210","210","210","210","250","280","280","240","230","210"
"23166","2020/09/06 23:25","220","210","200","240","260","250","220","210","200","200","210","260","280","280","240","230","230"
"23206","2020/09/06 23:25","210","210","210","240","250","260","220","210","210","210","210","250","250","260","240","220","210"
"23226","2020/09/06 23:25","220","210","210","260","270","260","240","210","210","210","220","270","290","290","250","230","210"
"23232","2020/09/06 23:25","220","220","220","270","280","280","250","230","220","220","220","280","300","290","250","230","210"
"23326","2020/09/06 23:25","220","230","230","250","260","260","240","220","220","210","220","260","290","290","250","230","210"
"23376","2020/09/06 23:25","220","210","220","270","280","280","240","240","230","230","240","290","290","280","240","240","230"
"24141","2020/09/06 23:25","230","210","210","250","260","270","230","230","220","230","230","270","290","270","240","240","220"
"24041","2020/09/06 23:25","210","210","220","260","260","250","220","210","210","210","220","280","290","290","250","230","220"
"24051","2020/09/06 23:25","210","210","210","250","260","240","210","210","210","210","200","270","290","290","250","220","210"
"24101","2020/09/06 23:25","220","220","220","260","280","270","230","230","230","230","240","280","300","290","240","230","230"
"24201","2020/09/06 23:25","210","200","200","250","270","260","230","210","200","200","210","270","290","280","240","220","210"
"24217","2020/09/06 23:25","220","220","220","270","300","290","240","220","220","230","240","280","300","280","260","240","230"
"31001","2020/09/06 23:25","210","200","210","260","280","290","240","220","220","220","220","260","290","290","240","220","220"
"31111","2020/09/06 23:25","220","200","200","260","280","280","240","230","210","210","220","260","300","300","250","230","210"
"31121","2020/09/06 23:25","210","200","210","240","270","260","220","210","200","200","210","260","290","280","230","220","210"
"31136","2020/09/06 23:25","220","210","210","260","290","270","230","220","220","210","220","280","290","270","240","230","220"
"31156","2020/09/06 23:25","220","210","210","250","280","270","240","220","210","200","210","260","290","280","240","220","210"
"31186","2020/09/06 23:25","220","210","220","270","290","280","240","230","220","210","220","270","290","280","240","230","220"
"31201","2020/09/06 23:25","220","210","210","260","280","270","240","230","220","210","210","270","280","270","230","220","210"
"31296","2020/09/06 23:25","230","210","220","270","300","290","260","250","230","230","230","290","310","300","270","250","230"
"31312","2020/09/06 23:25","230","220","220","250","280","280","250","240","230","220","220","260","300","290","260","250","240"
"31332","2020/09/06 23:25","210","200","210","260","290","290","230","220","220","210","220","260","300","290","250","230","220"
"31336","2020/09/06 23:25","200","200","200","250","280","280","220","220","220","210","220","260","290","280","230","220","220"
"31366","2020/09/06 23:25","210","200","210","270","300","310","250","240","220","230","230","300","310","300","250","240","230"
"31436","2020/09/06 23:25","230","210","210","270","290","300","250","230","230","220","230","290","280","280","240","240","240"
"31461","2020/09/06 23:25","210","210","210","270","300","290","270","240","230","220","220","280","310","300","270","250","240"
"31466","2020/09/06 23:25","220","200","200","270","290","290","250","230","220","230","230","280","310","300","250","240","230"
"31482","2020/09/06 23:25","180","190","200","230","240","240","220","200","210","200","190","230","250","250","200","200","190"
"31506","2020/09/06 23:25","200","200","200","280","300","290","240","230","230","230","230","280","300","290","240","240","230"
"31586","2020/09/06 23:25","210","200","200","270","290","290","240","230","230","220","220","270","310","300","250","240","220"
"31602","2020/09/06 23:25","220","200","200","260","290","290","250","240","230","220","230","270","290","280","240","240","230"
"31646","2020/09/06 23:25","200","200","200","260","290","270","240","220","220","210","210","270","290","290","250","220","220"
"31662","2020/09/06 23:25","190","190","200","260","280","280","240","210","210","220","220","260","290","280","240","220","200"
"31721","2020/09/06 23:25","210","200","210","270","280","280","240","240","230","220","220","270","300","290","250","240","230"
"32056","2020/09/06 23:25","260","230","230","270","280","290","260","250","240","240","240","280","280","280","250","250","250"
"32111","2020/09/06 23:25","230","220","220","280","310","320","280","250","240","230","230","300","310","300","270","250","240"
"32126","2020/09/06 23:25","210","210","220","260","300","290","280","240","230","220","220","280","310","310","270","250","230"
"32136","2020/09/06 23:25","210","210","220","270","310","300","270","240","230","220","230","280","320","310","270","250","230"
"32146","2020/09/06 23:25","200","200","190","250","280","280","250","220","210","200","200","250","290","290","260","240","220"
"32206","2020/09/06 23:25","200","200","210","260","280","270","230","220","220","220","210","260","290","280","230","230","220"
"32266","2020/09/06 23:25","180","180","190","240","260","240","220","210","200","200","190","240","260","250","230","210","200"
"32286","2020/09/06 23:25","240","220","230","280","280","290","260","240","240","230","240","300","300","290","250","230","230"
"32287","2020/09/06 23:25","230","220","230","280","290","310","270","250","250","230","230","310","320","310","260","240","240"
"32296","2020/09/06 23:25","230","220","230","280","280","290","250","240","230","230","230","290","310","300","260","240","230"
"32311","2020/09/06 23:25","210","200","200","260","270","280","240","230","220","210","210","270","300","300","250","240","230"
"32402","2020/09/06 23:25","230","230","240","280","280","290","260","260","250","240","240","280","310","300","280","260","240"
"32407","2020/09/06 23:25","200","200","210","270","280","280","260","230","230","220","220","280","300","300","260","240","230"
"32466","2020/09/06 23:25","210","210","220","270","290","290","270","250","240","220","220","280","320","320","270","250","230"
"32476","2020/09/06 23:25","240","230","230","260","290","280","250","260","250","230","220","270","300","300","260","240","230"
"32496","2020/09/06 23:25","200","210","210","260","280","280","260","230","230","220","220","270","300","300","260","240","230"
"32551","2020/09/06 23:25","220","230","230","270","300","290","270","250","240","240","230","280","310","310","270","250","240"
"32571","2020/09/06 23:25","240","220","220","270","280","280","260","250","240","230","230","280","300","300","270","250","230"
"32581","2020/09/06 23:25","220","210","210","270","280","280","260","240","230","220","220","280","290","290","260","250","240"
"32596","2020/09/06 23:25","240","230","230","280","300","290","270","250","250","240","230","280","320","310","280","260","240"
"32616","2020/09/06 23:25","220","210","210","280","290","300","270","250","240","240","230","290","290","290","280","270","250"
"32626","2020/09/06 23:25","210","210","220","270","270","270","250","240","240","230","220","270","290","290","270","250","240"
"32691","2020/09/06 23:25","230","220","210","270","290","280","260","250","230","230","220","270","310","300","270","250","240"
"32771","2020/09/06 23:25","220","200","210","250","260","250","240","230","220","200","200","260","280","270","250","230","220"
"33006","2020/09/06 23:25","200","190","210","260","270","270","240","210","200","200","220","270","270","270","230","230","220"
"33026","2020/09/06 23:25","210","200","190","270","270","270","240","220","230","220","210","270","300","290","250","240","230"
"33071","2020/09/06 23:25","210","200","200","260","270","270","240","240","230","220","220","270","300","290","250","240","230"
"33136","2020/09/06 23:25","200","190","180","260","270","270","230","210","210","200","210","280","300","280","250","230","220"
"33146","2020/09/06 23:25","210","200","200","280","290","290","250","220","210","210","210","280","300","280","240","230","230"
"33166","2020/09/06 23:25","230","220","230","250","270","260","240","240","240","230","230","260","290","270","250","230","230"
"33176","2020/09/06 23:25","210","220","220","240","250","250","230","230","230","230","230","250","290","280","240","230","220"
"33186","2020/09/06 23:25","170","180","190","250","260","260","230","230","220","210","210","260","290","280","240","220","210"
"33206","2020/09/06 23:25","210","190","200","260","280","270","230","210","210","200","210","270","300","290","240","230","220"
"33226","2020/09/06 23:25","230","230","230","260","270","270","240","240","240","220","220","260","310","300","260","240","230"
"33296","2020/09/06 23:25","240","240","240","260","270","270","250","250","240","240","240","270","310","300","270","260","240"
"33326","2020/09/06 23:25","210","200","200","250","270","260","240","230","220","210","210","270","290","280","250","240","230"
"33336","2020/09/06 23:25","220","210","220","250","270","250","230","230","210","210","210","260","290","280","240","240","230"
"33371","2020/09/06 23:25","190","190","190","230","240","250","220","220","210","210","200","260","280","270","230","200","200"
"33421","2020/09/06 23:25","230","220","220","250","280","270","250","240","240","230","220","270","300","300","280","250","230"
"33431","2020/09/06 23:25","230","230","240","260","280","290","260","250","240","240","240","280","310","320","280","260","250"
"33441","2020/09/06 23:25","200","190","200","230","240","240","220","220","220","210","210","250","280","270","220","210","200"
"33472","2020/09/06 23:25","230","220","220","280","300","290","250","240","230","220","220","290","310","290","230","230","230"
"33486","2020/09/06 23:25","210","210","210","240","260","260","240","230","220","210","200","250","290","280","240","220","210"
"33501","2020/09/06 23:25","230","230","240","270","280","290","260","250","240","240","240","290","320","320","270","260","250"
"33526","2020/09/06 23:25","210","210","220","260","270","280","240","240","240","220","220","270","320","300","250","240","240"
"33581","2020/09/06 23:25","220","220","220","260","280","280","250","240","240","230","230","280","320","320","260","250","240"
"33616","2020/09/06 23:25","230","230","230","270","280","270","250","240","230","220","230","280","310","290","250","250","240"
"33631","2020/09/06 23:25","210","210","210","250","270","270","240","230","230","210","210","250","290","290","250","240","230"
"33671","2020/09/06 23:25","220","210","210","240","260","270","240","240","220","220","210","270","300","300","260","250","230"
"33716","2020/09/06 23:25","230","240","250","260","280","280","260","250","250","240","240","280","320","320","290","270","250"
"33751","2020/09/06 23:25","240","230","230","290","290","280","260","250","250","240","230","300","340","320","260","250","240"
"33776","2020/09/06 23:25","230","240","240","260","280","280","250","250","240","240","230","270","310","320","270","260","240"
"33781","2020/09/06 23:25","230","240","250","270","290","280","260","250","250","240","240","280","330","320","280","270","250"
"33801","2020/09/06 23:25","240","230","240","250","280","270","250","250","240","240","240","280","310","300","260","250","240"
"33877","2020/09/06 23:25","240","230","230","260","260","260","250","250","240","230","240","300","300","300","260","250","250"
"33911","2020/09/06 23:25","230","230","240","260","280","280","260","250","250","240","240","280","320","320","280","270","250"
"33921","2020/09/06 23:25","220","220","230","250","280","280","250","240","240","230","230","280","330","320","270","250","240"
"34012","2020/09/06 23:25","200","200","200","230","250","240","230","230","220","210","200","260","280","270","240","220","210"
"34026","2020/09/06 23:25","230","230","230","260","270","260","250","240","230","230","230","290","300","290","260","250","240"
"34096","2020/09/06 23:25","220","220","230","250","270","270","250","240","230","220","220","270","310","300","260","240","230"
"34111","2020/09/06 23:25","230","240","250","260","280","280","260","240","240","230","230","280","320","310","270","250","240"
"34171","2020/09/06 23:25","220","240","250","270","280","290","260","250","250","240","240","290","330","320","270","260","250"
"34186","2020/09/06 23:25","230","230","230","260","280","270","250","250","240","230","230","280","310","310","270","250","240"
"34216","2020/09/06 23:25","230","240","240","260","280","280","260","250","240","240","230","280","330","320","270","260","240"
"34266","2020/09/06 23:25","230","230","220","250","270","270","260","250","240","230","230","280","330","310","270","260","240"
"34276","2020/09/06 23:25","230","240","240","270","290","280","260","250","240","230","240","280","320","300","260","250","240"
"34292","2020/09/06 23:25","240","230","240","240","260","270","250","240","240","230","230","270","290","290","260","250","240"
"34311","2020/09/06 23:25","210","210","210","250","260","260","240","230","210","200","200","270","300","290","250","240","230"
"34331","2020/09/06 23:25","230","230","230","260","280","290","250","240","240","230","240","290","320","310","260","260","250"
"34361","2020/09/06 23:25","230","230","230","250","270","280","230","230","230","230","230","260","280","290","240","240","230"
"34392","2020/09/06 23:25","250","230","230","260","280","290","270","250","250","250","250","290","330","320","270","270","260"
"34461","2020/09/06 23:25","220","210","220","250","260","270","250","240","240","230","230","270","300","290","270","250","240"
"34462","2020/09/06 23:25","220","220","220","250","270","280","250","240","230","230","230","280","320","290","260","250","240"
"34471","2020/09/06 23:25","220","220","220","250","280","290","250","240","240","230","240","290","290","290","270","260","250"
"34506","2020/09/06 23:25","220","210","220","260","280","290","260","240","240","230","240","280","300","310","280","260","250"
"35002","2020/09/06 23:25","240","230","230","260","270","270","250","250","250","250","250","290","300","300","260","250","240"
"35052","2020/09/06 23:25","230","230","240","280","290","290","260","260","250","240","240","300","310","300","280","260","250"
"35071","2020/09/06 23:25","200","200","200","250","260","260","250","230","230","210","210","270","300","290","260","250","240"
"35116","2020/09/06 23:25","230","210","210","260","260","270","260","240","230","230","220","270","300","300","270","250","240"
"35141","2020/09/06 23:25","230","230","230","280","290","280","260","250","250","240","230","290","310","300","270","270","250"
"35146","2020/09/06 23:25","230","220","220","260","260","260","250","240","240","230","230","270","280","280","260","250","240"
"35162","2020/09/06 23:25","240","230","220","260","280","280","260","250","240","230","240","270","310","310","280","260","240"
"35176","2020/09/06 23:25","220","220","210","250","270","270","260","250","240","220","220","260","310","310","270","250","230"
"35216","2020/09/06 23:25","190","180","180","230","240","250","230","210","210","200","190","250","270","270","240","240","220"
"35231","2020/09/06 23:25","230","220","220","250","260","260","250","230","230","220","230","260","300","300","280","260","250"
"35246","2020/09/06 23:25","260","230","230","270","280","280","260","250","250","240","230","280","300","300","270","260","250"
"35332","2020/09/06 23:25","230","220","210","260","270","270","270","240","230","220","220","270","310","300","280","270","250"
"35361","2020/09/06 23:25","190","180","190","240","250","260","240","220","200","190","180","240","290","290","250","240","220"
"35376","2020/09/06 23:25","210","210","210","250","260","260","250","230","230","220","220","260","300","300","270","250","240"
"35426","2020/09/06 23:25","220","220","230","260","270","270","260","250","240","230","230","270","320","310","290","280","260"
"35456","2020/09/06 23:25","210","210","210","240","270","270","260","240","230","220","220","260","300","300","270","260","240"
"35486","2020/09/06 23:25","210","210","230","260","260","260","250","240","240","220","230","260","300","300","260","250","240"
"35511","2020/09/06 23:25","240","220","230","270","280","280","260","250","250","240","230","270","300","310","280","260","250"
"35541","2020/09/06 23:25","200","200","210","250","270","260","240","220","230","220","220","260","290","290","260","250","240"
"35552","2020/09/06 23:25","240","220","230","260","270","270","240","240","240","230","230","260","300","300","280","270","250"
"36056","2020/09/06 23:25","210","210","220","250","260","260","240","230","230","220","210","270","280","280","250","240","230"
"36066","2020/09/06 23:25","220","220","220","270","290","290","270","250","250","240","240","280","310","310","270","270","260"
"36106","2020/09/06 23:25","200","190","210","230","230","240","230","230","230","220","200","250","250","250","230","220","210"
"36126","2020/09/06 23:25","240","230","240","260","260","280","270","250","250","250","260","270","300","310","280","280","270"
"36151","2020/09/06 23:25","230","220","220","250","290","300","260","250","240","240","240","290","310","320","270","250","240"
"36176","2020/09/06 23:25","220","220","240","260","280","280","260","240","230","220","240","270","290","300","280","250","250"
"36196","2020/09/06 23:25","170","180","180","190","200","210","200","200","200","190","190","220","230","230","210","210","210"
"36221","2020/09/06 23:25","190","190","210","230","260","250","230","220","230","230","230","250","260","270","250","230","230"
"36251","2020/09/06 23:25","210","210","230","250","260","260","250","230","230","230","230","260","270","290","260","250","240"
"36276","2020/09/06 23:25","210","220","230","250","240","250","240","240","240","230","220","250","260","280","260","240","230"
"36291","2020/09/06 23:25","220","230","240","260","260","280","270","250","250","250","250","280","290","290","280","270","260"
"36342","2020/09/06 23:25","200","200","210","230","250","260","240","220","220","210","210","240","300","300","250","240","220"
"36361","2020/09/06 23:25","240","220","240","250","270","270","260","250","250","240","240","260","290","320","280","270","260"
"36391","2020/09/06 23:25","220","220","220","230","260","270","250","230","240","230","230","260","290","290","260","250","240"
"36411","2020/09/06 23:25","240","230","240","260","300","300","260","250","250","240","240","290","320","320","270","250","240"
"36426","2020/09/06 23:25","190","200","210","230","240","260","230","210","210","210","210","250","290","300","250","230","220"
"36476","2020/09/06 23:25","230","230","240","250","260","280","250","240","250","240","250","280","290","300","270","260","250"
"36501","2020/09/06 23:25","210","210","210","240","270","270","240","230","230","230","220","270","280","280","250","240","240"
"36536","2020/09/06 23:25","200","200","200","220","230","250","240","210","210","210","200","240","280","280","250","230","220"
"36562","2020/09/06 23:25","210","210","210","210","220","230","230","230","230","220","210","220","260","250","230","220","210"
"36591","2020/09/06 23:25","220","220","210","240","270","280","240","230","230","230","230","260","290","290","250","240","230"
"36611","2020/09/06 23:25","240","230","240","250","310","300","270","260","250","240","240","290","300","290","270","260","250"
"36641","2020/09/06 23:25","190","190","200","230","240","250","230","220","210","200","200","240","280","280","240","230","220"
"36667","2020/09/06 23:25","220","230","230","230","260","270","250","240","240","240","240","250","270","280","260","250","250"
"36676","2020/09/06 23:25","220","230","220","250","290","300","260","240","240","230","240","280","300","300","270","250","240"
"36716","2020/09/06 23:25","160","170","170","180","230","230","200","190","180","180","180","210","250","240","210","200","190"
"36821","2020/09/06 23:25","230","230","230","250","280","280","250","240","230","230","240","280","290","290","260","240","240"
"36836","2020/09/06 23:25","230","230","230","250","300","300","260","250","230","230","240","300","300","290","260","250","240"
"36846","2020/09/06 23:25","250","240","240","260","300","300","260","260","250","240","250","290","300","290","260","250","250"
"40046","2020/09/06 23:25","230","220","230","250","290","280","260","240","240","230","240","290","290","280","250","240","240"
"40061","2020/09/06 23:25","230","230","240","250","290","300","260","240","240","230","250","300","310","310","270","250","240"
"40091","2020/09/06 23:25","230","230","230","260","300","290","260","250","240","240","240","300","300","290","270","250","240"
"40136","2020/09/06 23:25","250","240","240","270","300","300","270","270","250","250","260","310","300","300","260","260","260"
"40191","2020/09/06 23:25","240","230","230","280","300","290","270","250","250","250","250","300","300","300","270","260","250"
"40201","2020/09/06 23:25","250","240","240","290","300","290","270","260","260","260","250","300","310","300","270","260","260"
"40221","2020/09/06 23:25","250","240","250","270","280","290","280","270","260","260","260","290","310","310","270","270","260"
"40231","2020/09/06 23:25","240","240","250","280","290","290","260","260","260","250","260","290","310","300","260","250","250"
"40281","2020/09/06 23:25","240","240","250","280","280","280","260","260","250","250","260","290","300","310","260","250","250"
"40311","2020/09/06 23:25","230","240","250","290","300","300","260","250","250","250","250","300","310","310","270","260","250"
"40336","2020/09/06 23:25","240","240","250","280","290","290","260","260","250","250","260","290","300","310","270","260","250"
"40341","2020/09/06 23:25","240","240","240","280","290","300","260","260","250","250","260","300","310","310","270","270","260"
"40406","2020/09/06 23:25","250","260","270","300","310","300","270","260","270","260","270","310","310","310","270","260","260"
"40426","2020/09/06 23:25","240","240","260","290","300","300","270","250","250","250","260","300","310","310","270","260","250"
"41011","2020/09/06 23:25","200","200","200","220","230","240","220","220","220","220","220","240","250","250","230","230","220"
"41076","2020/09/06 23:25","210","220","210","210","240","240","230","220","220","230","230","250","270","260","240","230","220"
"41091","2020/09/06 23:25","220","230","230","240","270","270","250","240","240","240","240","270","290","280","260","250","240"
"41116","2020/09/06 23:25","190","190","180","200","230","220","200","200","200","180","180","220","260","250","210","210","200"
"41141","2020/09/06 23:25","230","230","230","260","290","290","260","250","250","240","240","290","310","300","270","250","250"
"41166","2020/09/06 23:25","180","170","180","190","220","200","200","200","190","190","190","200","220","220","200","200","190"
"41171","2020/09/06 23:25","220","210","220","230","260","260","240","230","230","230","230","270","290","280","250","240","230"
"41181","2020/09/06 23:25","220","230","220","240","270","280","260","240","250","240","240","280","290","290","260","250","240"
"41247","2020/09/06 23:25","230","240","230","250","280","290","260","240","250","240","240","290","290","290","270","250","250"
"41271","2020/09/06 23:25","240","240","230","250","280","280","260","250","250","240","250","280","290","290","270","250","240"
"41277","2020/09/06 23:25","240","240","240","270","290","280","270","260","260","250","260","290","290","290","280","270","260"
"41331","2020/09/06 23:25","230","230","230","270","290","290","270","260","260","250","260","290","290","290","260","260","250"
"41361","2020/09/06 23:25","250","250","250","270","290","300","280","260","260","260","260","300","320","320","280","270","260"
"41376","2020/09/06 23:25","240","240","240","280","290","290","280","260","260","260","260","300","310","310","280","270","260"
"42046","2020/09/06 23:25","190","200","200","210","230","230","210","200","190","200","210","220","260","270","220","210","210"
"42091","2020/09/06 23:25","210","200","210","230","240","240","220","220","210","200","220","240","260","270","230","220","220"
"42121","2020/09/06 23:25","170","180","180","190","210","200","190","180","180","180","180","210","220","210","200","200","190"
"42146","2020/09/06 23:25","220","220","230","230","260","270","230","230","230","230","230","250","290","300","260","240","240"
"42186","2020/09/06 23:25","230","230","230","230","260","270","240","230","230","230","230","260","280","280","260","250","240"
"42221","2020/09/06 23:25","170","170","180","200","210","200","190","180","180","160","160","200","230","220","200","190","190"
"42251","2020/09/06 23:25","250","240","250","260","290","290","280","270","260","250","250","280","290","290","280","260","260"
"42266","2020/09/06 23:25","250","240","240","260","290","300","270","260","250","240","250","280","320","320","280","270","260"
"42286","2020/09/06 23:25","230","240","240","250","290","290","260","250","240","240","230","280","300","290","250","240","240"
"42302","2020/09/06 23:25","250","250","250","270","290","290","280","270","260","260","260","280","300","300","280","270","270"
"42326","2020/09/06 23:25","220","220","220","240","290","290","250","230","230","240","230","250","290","290","250","240","230"
"42366","2020/09/06 23:25","250","240","250","270","290","300","270","260","260","260","260","280","310","310","280","270","260"
"42396","2020/09/06 23:25","210","220","220","250","280","270","230","210","210","210","220","240","290","280","250","230","220"
"43051","2020/09/06 23:25","230","230","240","270","290","300","260","240","240","240","240","280","310","310","280","250","250"
"43056","2020/09/06 23:25","250","250","240","260","300","300","280","260","260","260","250","280","320","310","280","270","260"
"43126","2020/09/06 23:25","250","240","250","280","290","300","270","270","260","260","260","280","320","310","270","260","250"
"43156","2020/09/06 23:25","240","230","240","260","290","290","260","240","230","230","230","250","310","310","280","260","240"
"43171","2020/09/06 23:25","230","240","240","280","300","310","280","250","240","230","240","270","320","330","270","260","250"
"43241","2020/09/06 23:25","260","250","250","290","300","300","280","270","270","260","260","290","310","310","270","270","260"
"43256","2020/09/06 23:25","250","250","250","290","290","300","270","270","270","260","260","290","310","320","270","270","260"
"43266","2020/09/06 23:25","240","230","240","270","290","280","270","260","250","240","240","270","300","320","260","250","250"
"44046","2020/09/06 23:25","220","210","210","230","260","260","240","210","200","200","200","230","270","280","240","240","230"
"44056","2020/09/06 23:25","230","230","230","270","300","290","270","250","250","230","240","280","310","300","270","260","250"
"44071","2020/09/06 23:25","250","250","240","290","300","300","280","260","260","260","260","290","320","320","270","270","260"
"44112","2020/09/06 23:25","240","240","240","270","290","300","270","260","250","230","240","280","300","310","270","270","250"
"44116","2020/09/06 23:25","240","240","230","270","290","290","260","260","250","250","250","280","310","310","270","260","250"
"44132","2020/09/06 23:25","250","260","250","280","290","300","270","260","260","260","260","290","320","310","270","270","260"
"44136","2020/09/06 23:25","260","260","260","290","310","300","270","260","260","260","260","300","300","290","260","260","260"
"44172","2020/09/06 23:25","250","250","260","280","320","310","260","270","260","260","260","290","300","300","260","260","260"
"44226","2020/09/06 23:25","260","260","270","290","310","310","270","270","260","250","260","290","300","300","270","260","250"
"44263","2020/09/06 23:25","260","250","250","290","310","310","260","250","250","250","250","290","300","300","250","240","240"
"44301","2020/09/06 23:25","270","260","260","290","310","300","270","270","260","250","260","290","300","300","280","270","260"
"45061","2020/09/06 23:25","240","240","250","290","300","300","260","260","260","250","260","300","310","310","270","260","250"
"45081","2020/09/06 23:25","230","230","260","280","290","290","270","260","260","250","260","290","300","310","260","260","250"
"45106","2020/09/06 23:25","250","250","260","280","290","300","270","260","260","260","260","290","300","290","270","270","270"
"45116","2020/09/06 23:25","240","240","250","290","290","300","270","260","260","250","260","300","300","310","270","270","260"
"45147","2020/09/06 23:25","250","250","260","300","320","310","260","260","260","250","260","300","300","290","260","260","260"
"45181","2020/09/06 23:25","250","260","270","290","310","310","270","270","260","250","260","300","320","310","270","260","260"
"45212","2020/09/06 23:25","250","260","270","290","300","290","270","270","260","260","270","300","310","300","270","280","270"
"45261","2020/09/06 23:25","250","250","260","290","310","310","280","260","260","250","270","300","330","320","280","270","260"
"45282","2020/09/06 23:25","250","240","250","280","300","290","270","260","260","250","260","300","310","300","270","250","250"
"45291","2020/09/06 23:25","240","240","250","280","300","300","270","260","260","250","260","300","310","300","270","260","260"
"45326","2020/09/06 23:25","230","250","250","270","300","290","270","260","250","250","250","300","300","300","260","250","250"
"45361","2020/09/06 23:25","250","260","270","300","310","300","280","280","260","260","270","310","320","310","260","260","260"
"45371","2020/09/06 23:25","260","260","260","290","320","310","260","270","260","260","260","300","300","290","260","260","260"
"45401","2020/09/06 23:25","260","260","270","280","310","300","270","270","270","260","260","310","320","300","240","240","240"
"46091","2020/09/06 23:25","230","230","230","290","310","300","270","270","270","250","250","290","310","310","270","260","260"
"46106","2020/09/06 23:25","250","250","250","280","300","290","270","260","260","260","260","290","310","310","270","270","260"
"46141","2020/09/06 23:25","240","260","260","290","320","310","280","270","270","270","270","290","310","300","270","270","260"
"46166","2020/09/06 23:25","230","230","250","270","300","290","270","260","250","240","240","280","300","310","270","260","250"
"46211","2020/09/06 23:25","240","260","260","290","310","300","280","270","260","260","260","300","310","300","260","250","250"
"48031","2020/09/06 23:25","210","190","210","230","260","250","220","180","180","180","190","240","250","260","240","230","220"
"48061","2020/09/06 23:25","220","210","230","250","260","240","230","210","210","200","210","250","260","260","230","220","220"
"48066","2020/09/06 23:25","220","220","240","270","280","270","250","220","220","210","220","270","290","300","270","250","240"
"48141","2020/09/06 23:25","190","200","200","230","240","230","210","200","190","200","190","240","270","280","240","220","210"
"48156","2020/09/06 23:25","220","220","240","270","270","260","240","230","230","220","230","260","280","290","250","250","240"
"48191","2020/09/06 23:25","190","180","190","220","240","230","200","200","190","200","200","230","250","270","230","210","200"
"48196","2020/09/06 23:25","200","200","210","240","270","250","230","210","200","200","200","240","270","280","240","230","220"
"48216","2020/09/06 23:25","170","160","170","200","210","190","190","180","180","170","160","190","210","220","190","180","180"
"48256","2020/09/06 23:25","220","210","220","240","250","240","230","210","210","200","210","240","270","280","250","240","240"
"48296","2020/09/06 23:25","200","210","210","240","260","250","230","220","210","200","200","240","260","270","240","240","220"
"48321","2020/09/06 23:25","200","190","190","230","240","230","210","190","190","190","180","200","240","270","230","210","210"
"48331","2020/09/06 23:25","190","190","200","220","240","230","190","200","190","190","180","210","250","240","220","210","200"
"48361","2020/09/06 23:25","210","210","220","230","240","240","240","240","220","220","220","250","260","270","240","240","240"
"48381","2020/09/06 23:25","190","210","210","230","240","230","220","200","200","200","210","230","260","260","220","220","210"
"48386","2020/09/06 23:25","210","210","210","230","250","240","230","220","210","200","200","230","290","280","240","240","220"
"48466","2020/09/06 23:25","170","160","170","220","250","240","210","180","180","180","190","230","240","250","200","190","190"
"48491","2020/09/06 23:25","210","210","220","240","260","250","220","210","210","210","210","230","260","260","230","240","230"
"48531","2020/09/06 23:25","160","150","160","200","220","210","190","160","160","160","170","200","230","220","190","180","180"
"48536","2020/09/06 23:25","180","180","200","220","260","240","210","200","200","200","190","230","250","250","200","200","200"
"48546","2020/09/06 23:25","190","200","200","240","270","250","220","210","210","210","200","240","260","260","220","220","210"
"48561","2020/09/06 23:25","180","190","190","220","250","230","210","200","200","200","190","220","240","240","210","210","200"
"48571","2020/09/06 23:25","170","160","170","190","220","210","190","180","170","170","180","210","220","200","180","190","180"
"48606","2020/09/06 23:25","190","190","200","230","240","230","210","200","200","190","200","250","270","260","220","210","210"
"48621","2020/09/06 23:25","200","200","210","250","270","250","220","210","210","210","210","250","260","270","240","230","220"
"48717","2020/09/06 23:25","190","180","200","230","240","230","210","200","200","190","210","240","260","270","220","210","210"
"48731","2020/09/06 23:25","190","190","200","250","260","240","220","210","210","200","200","240","260","260","230","220","210"
"48767","2020/09/06 23:25","210","200","220","260","250","240","230","220","230","220","230","250","270","280","250","240","230"
"48826","2020/09/06 23:25","180","190","200","210","230","240","200","190","200","200","200","210","230","240","200","190","180"
"48841","2020/09/06 23:25","210","200","200","220","270","260","230","210","210","210","210","230","280","280","240","230","220"
"49036","2020/09/06 23:25","200","200","200","220","250","240","220","200","200","200","200","240","250","260","230","220","220"
"49086","2020/09/06 23:25","210","220","210","230","260","250","230","220","210","210","210","260","280","270","240","240","230"
"49142","2020/09/06 23:25","230","240","230","250","270","260","250","230","220","230","230","260","280","290","270","270","250"
"49151","2020/09/06 23:25","230","230","220","250","290","270","240","220","230","220","220","240","280","290","270","260","240"
"49161","2020/09/06 23:25","220","210","210","250","270","260","240","220","210","210","210","230","290","290","260","240","230"
"49196","2020/09/06 23:25","200","200","210","240","250","240","230","200","190","200","210","220","260","260","230","230","210"
"49236","2020/09/06 23:25","220","220","230","230","250","250","250","230","220","220","230","230","270","280","260","250","240"
"49251","2020/09/06 23:25","200","200","200","230","240","240","220","210","210","200","200","220","270","270","230","220","210"
"49256","2020/09/06 23:25","200","190","190","220","250","240","210","200","200","200","200","220","260","260","220","210","200"
"49316","2020/09/06 23:25","230","240","240","240","270","280","260","250","240","240","240","260","280","290","260","250","250"
"50106","2020/09/06 23:25","200","200","200","200","230","240","220","210","210","210","200","220","240","240","210","210","210"
"50136","2020/09/06 23:25","220","220","220","250","270","260","240","230","230","220","220","240","260","260","240","230","230"
"50196","2020/09/06 23:25","240","250","240","260","270","270","260","260","250","250","250","270","290","280","260","260","250"
"50206","2020/09/06 23:25","240","240","250","290","300","300","270","270","260","250","250","270","300","290","280","270","260"
"50226","2020/09/06 23:25","220","230","240","250","260","280","250","250","240","240","240","270","280","280","250","240","230"
"50241","2020/09/06 23:25","220","210","220","240","270","260","240","230","230","230","220","250","270","280","240","230","220"
"50261","2020/09/06 23:25","250","250","250","260","300","280","270","260","270","250","250","290","300","290","260","270","250"
"50281","2020/09/06 23:25","230","240","240","270","270","270","260","260","260","250","240","260","280","290","260","270","260"
"50331","2020/09/06 23:25","240","250","260","270","290","280","270","270","270","260","260","280","290","290","260","270","260"
"50386","2020/09/06 23:25","240","240","250","260","290","280","260","260","260","250","250","270","280","280","260","240","240"
"50456","2020/09/06 23:25","240","250","250","280","310","290","270","260","270","260","270","290","290","270","270","260","250"
"50476","2020/09/06 23:25","230","240","240","280","270","270","250","260","260","260","250","270","260","270","240","240","240"
"50491","2020/09/06 23:25","250","250","250","300","290","280","270","260","250","260","260","290","290","290","260","250","250"
"50506","2020/09/06 23:25","250","260","260","290","300","280","260","270","260","250","260","300","290","280","260","260","250"
"50536","2020/09/06 23:25","250","250","250","280","300","290","270","250","250","260","270","290","280","280","260","250","240"
"50551","2020/09/06 23:25","250","250","260","290","320","310","270","260","250","250","260","290","290","290","260","260","250"
"50561","2020/09/06 23:25","250","250","260","280","300","300","260","260","260","250","260","280","290","280","250","250","250"
"51031","2020/09/06 23:25","240","250","260","270","290","310","270","260","260","260","250","300","310","290","260","260","250"
"51071","2020/09/06 23:25","210","210","220","240","250","260","230","220","210","220","220","250","250","260","220","220","220"
"51106","2020/09/06 23:25","240","240","250","270","280","290","270","260","250","260","270","300","290","290","260","260","250"
"51116","2020/09/06 23:25","240","230","240","270","270","280","280","260","250","250","250","290","290","280","260","250","240"
"51216","2020/09/06 23:25","240","240","260","270","280","300","270","270","270","260","270","300","310","290","270","260","250"
"51226","2020/09/06 23:25","240","240","260","270","270","280","270","270","260","250","250","280","280","280","260","250","250"
"51247","2020/09/06 23:25","230","240","250","260","270","280","260","250","250","250","240","280","270","280","250","250","230"
"51281","2020/09/06 23:25","240","240","250","270","270","290","270","270","250","250","260","280","290","290","250","250","240"
"51311","2020/09/06 23:25","250","250","250","270","280","300","260","260","250","250","260","290","290","290","260","250","250"
"51331","2020/09/06 23:25","250","250","250","280","280","300","280","260","250","260","250","280","290","280","260","250","240"
"51346","2020/09/06 23:25","260","250","260","280","290","300","270","270","260","260","260","280","290","280","260","260","240"
"52041","2020/09/06 23:25","200","190","210","250","270","250","220","200","190","200","210","260","250","250","230","220","210"
"52051","2020/09/06 23:25","200","190","200","240","280","270","230","200","200","200","200","250","270","270","240","230","210"
"52081","2020/09/06 23:25","220","210","210","260","260","250","230","210","220","210","200","260","280","280","240","220","220"
"52111","2020/09/06 23:25","190","170","170","220","260","250","200","190","180","180","180","240","260","270","210","200","200"
"52146","2020/09/06 23:25","210","190","200","250","280","260","240","220","210","200","220","260","280","270","240","230","220"
"52181","2020/09/06 23:25","170","160","180","220","230","220","200","190","190","190","180","230","230","230","200","190","190"
"52196","2020/09/06 23:25","170","160","170","210","240","230","200","180","180","180","180","240","260","240","200","200","190"
"52221","2020/09/06 23:25","200","200","220","240","260","250","220","220","220","210","220","260","260","270","230","220","210"
"52286","2020/09/06 23:25","200","200","220","270","250","250","230","220","210","220","230","270","260","270","230","230","220"
"52331","2020/09/06 23:25","200","210","230","270","300","290","240","230","220","220","240","270","270","280","240","230","220"
"52346","2020/09/06 23:25","190","190","200","260","270","260","240","220","210","220","230","260","250","260","230","230","220"
"52381","2020/09/06 23:25","200","220","240","250","260","270","250","240","230","230","240","280","260","250","230","240","230"
"52406","2020/09/06 23:25","210","200","220","260","270","290","250","220","220","220","240","270","270","280","250","230","230"
"52461","2020/09/06 23:25","240","230","250","270","280","290","260","240","250","250","260","300","280","290","250","240","230"
"52482","2020/09/06 23:25","190","190","210","250","260","250","230","220","210","210","220","250","260","260","230","220","210"
"52511","2020/09/06 23:25","220","240","250","270","290","300","270","260","250","250","260","300","280","280","260","260","250"
"52536","2020/09/06 23:25","250","240","250","280","280","290","260","250","240","250","260","290","290","290","270","260","240"
"52556","2020/09/06 23:25","200","210","220","250","250","250","240","230","220","220","230","260","280","280","240","230","230"
"52557","2020/09/06 23:25","210","220","230","260","250","250","250","240","230","220","230","270","270","280","250","240","220"
"52571","2020/09/06 23:25","220","240","250","260","280","290","280","250","250","240","240","290","290","290","260","260","250"
"52581","2020/09/06 23:25","230","250","260","270","300","310","270","270","260","270","280","310","310","300","270","270","260"
"52586","2020/09/06 23:25","240","250","260","270","290","300","260","260","260","270","280","310","290","300","270","260","250"
"52606","2020/09/06 23:25","240","240","240","270","280","300","270","250","240","240","250","290","300","290","270","250","240"
"53041","2020/09/06 23:25","240","250","260","270","300","310","260","270","260","250","240","300","310","290","260","260","250"
"53061","2020/09/06 23:25","240","260","250","260","290","300","260","270","250","250","240","300","300","300","260","260","240"
"53091","2020/09/06 23:25","230","250","250","250","270","290","270","260","250","240","240","290","300","290","260","250","240"
"53112","2020/09/06 23:25","240","250","260","260","280","290","270","260","240","240","230","280","310","310","270","260","250"
"53133","2020/09/06 23:25","240","250","250","260","280","290","270","270","260","260","250","300","290","300","280","270","260"
"53196","2020/09/06 23:25","250","240","240","260","300","300","270","270","250","240","240","280","300","300","260","260","250"
"53231","2020/09/06 23:25","220","240","250","250","290","280","260","250","250","240","240","280","300","290","260","250","240"
"53257","2020/09/06 23:25","260","250","250","260","300","300","260","270","250","250","240","270","290","280","260","260","250"
"53296","2020/09/06 23:25","240","250","260","260","300","300","260","260","260","250","250","280","290","280","250","250","250"
"53326","2020/09/06 23:25","220","240","260","260","290","280","260","250","250","240","240","290","300","290","260","250","250"
"53378","2020/09/06 23:25","240","250","250","260","310","290","270","250","250","240","240","280","290","290","260","250","240"
"53401","2020/09/06 23:25","250","260","260","270","300","280","270","260","260","250","250","290","290","280","260","250","240"
"54012","2020/09/06 23:25","260","240","250","280","290","290","260","260","260","250","250","300","320","300","260","260","250"
"54041","2020/09/06 23:25","230","230","240","260","260","260","250","250","240","230","240","300","300","300","260","250","250"
"54086","2020/09/06 23:25","240","230","230","270","280","280","260","250","240","240","230","290","300","300","270","270","260"
"54157","2020/09/06 23:25","250","240","250","280","300","300","270","250","260","240","250","300","300","280","270","260","260"
"54166","2020/09/06 23:25","240","240","250","280","300","280","270","260","250","250","250","290","300","300","270","270","270"
"54181","2020/09/06 23:25","250","230","240","280","270","280","270","260","250","250","240","290","310","310","280","280","270"
"54191","2020/09/06 23:25","250","230","230","260","260","260","260","250","240","230","230","270","290","290","270","260","250"
"54232","2020/09/06 23:25","240","240","240","270","270","280","270","250","240","240","230","300","300","300","280","270","260"
"54271","2020/09/06 23:25","230","220","240","270","300","290","270","250","230","220","230","300","320","320","270","260","250"
"54296","2020/09/06 23:25","230","230","240","260","270","260","260","240","230","230","230","290","300","300","260","250","240"
"54341","2020/09/06 23:25","220","220","230","270","280","280","270","240","230","230","230","290","300","290","270","250","250"
"54387","2020/09/06 23:25","220","220","240","270","280","270","260","250","240","230","250","300","310","300","270","260","250"
"54396","2020/09/06 23:25","240","230","230","270","270","270","270","250","250","240","240","290","310","300","290","280","260"
"54421","2020/09/06 23:25","230","220","230","250","260","260","250","240","230","230","230","260","300","290","260","240","240"
"54501","2020/09/06 23:25","240","230","230","260","260","270","260","250","240","240","240","280","300","300","290","270","260"
"54541","2020/09/06 23:25","220","220","230","270","270","270","260","240","220","220","230","280","290","290","270","250","240"
"54566","2020/09/06 23:25","200","210","220","240","250","250","230","210","200","200","220","270","290","290","260","240","230"
"54586","2020/09/06 23:25","230","230","240","280","290","270","230","230","230","240","230","290","310","310","270","260","260"
"54616","2020/09/06 23:25","210","210","230","250","270","260","250","230","220","220","220","280","300","300","270","250","240"
"54651","2020/09/06 23:25","240","230","250","270","300","310","260","230","230","240","240","290","310","320","270","260","250"
"54661","2020/09/06 23:25","210","210","220","250","270","260","230","190","180","200","200","260","280","280","250","240","230"
"54676","2020/09/06 23:25","220","210","220","250","250","250","230","210","200","210","230","260","280","290","250","240","230"
"54711","2020/09/06 23:25","250","240","240","270","290","280","250","230","230","230","230","290","320","310","280","270","250"
"54721","2020/09/06 23:25","210","220","230","240","260","250","240","240","220","210","210","290","300","290","270","260","240"
"54816","2020/09/06 23:25","230","220","220","240","250","240","230","200","200","210","210","240","260","260","240","240","230"
"54836","2020/09/06 23:25","210","200","220","240","240","230","220","210","200","200","220","250","270","280","260","240","230"
"54841","2020/09/06 23:25","250","220","230","260","260","250","250","230","220","220","220","250","280","290","270","250","240"
"55022","2020/09/06 23:25","220","220","220","280","310","290","220","220","230","210","200","280","300","300","260","240","230"
"55041","2020/09/06 23:25","210","240","240","280","270","280","250","220","220","220","220","290","300","290","260","260","240"
"55056","2020/09/06 23:25","230","210","210","270","320","290","250","220","220","220","220","280","300","300","270","250","240"
"55091","2020/09/06 23:25","250","240","240","270","290","280","250","230","230","230","220","300","300","310","270","270","260"
"55102","2020/09/06 23:25","250","250","240","280","300","280","250","230","230","240","240","290","300","310","270","270","260"
"55141","2020/09/06 23:25","240","230","230","250","280","300","240","250","240","240","230","280","280","290","260","250","240"
"55166","2020/09/06 23:25","210","200","210","240","280","260","210","180","180","180","180","260","280","290","250","230","210"
"55191","2020/09/06 23:25","230","230","240","270","280","280","260","220","210","210","230","280","280","300","260","250","240"
"55206","2020/09/06 23:25","250","230","240","250","270","270","230","190","210","200","210","270","280","280","250","230","230"
"56036","2020/09/06 23:25","230","230","240","300","310","300","250","250","230","220","210","290","300","300","260","260","240"
"56052","2020/09/06 23:25","230","230","230","280","280","310","250","240","230","220","220","290","300","300","260","260","250"
"56116","2020/09/06 23:25","240","240","230","280","280","280","250","240","250","240","230","280","300","290","260","260","250"
"56146","2020/09/06 23:25","230","240","240","280","290","270","240","230","220","220","230","290","290","300","260","260","240"
"56176","2020/09/06 23:25","260","240","230","270","280","280","260","250","240","230","240","290","300","300","270","260","250"
"56186","2020/09/06 23:25","230","220","240","260","310","310","250","230","240","230","230","290","300","310","270","260","250"
"56227","2020/09/06 23:25","250","230","250","250","320","330","260","250","260","250","240","280","290","300","270","280","260"
"56276","2020/09/06 23:25","240","240","250","270","290","290","260","230","230","220","230","290","300","300","270","250","240"
"56286","2020/09/06 23:25","220","210","220","250","260","270","240","190","190","190","220","280","280","290","250","220","220"
"56301","2020/09/06 23:25","210","210","240","280","270","270","240","200","210","200","200","280","290","290","240","230","220"
"57001","2020/09/06 23:25","240","250","250","300","300","290","260","240","240","240","230","300","300","300","270","250","240"
"57051","2020/09/06 23:25","230","250","270","280","300","310","280","250","250","250","260","290","300","300","270","260","260"
"57066","2020/09/06 23:25","250","250","270","280","310","310","270","240","240","240","250","290","290","290","270","260","250"
"57082","2020/09/06 23:25","260","230","230","260","280","280","250","230","240","240","230","280","280","290","270","250","240"
"57121","2020/09/06 23:25","250","240","240","270","270","280","250","230","240","240","230","270","270","280","260","250","250"
"57206","2020/09/06 23:25","220","220","240","260","290","300","260","220","210","210","210","270","280","280","260","240","230"
"57248","2020/09/06 23:25","240","240","260","270","300","310","280","270","260","250","250","290","290","290","270","270","260"
"57286","2020/09/06 23:25","250","250","260","280","300","310","280","260","250","240","240","290","290","290","270","260","250"
"57317","2020/09/06 23:25","240","240","260","270","300","310","270","250","240","240","230","280","290","290","270","260","250"
"60051","2020/09/06 23:25","230","250","260","280","300","300","260","240","230","230","240","290","280","270","270","260","250"
"60061","2020/09/06 23:25","240","250","270","270","300","300","270","240","240","250","240","290","300","290","270","260","250"
"60102","2020/09/06 23:25","220","240","250","260","280","300","260","240","230","230","230","280","280","280","260","250","240"
"60116","2020/09/06 23:25","230","250","240","270","300","310","270","260","240","240","240","290","270","290","270","260","250"
"60131","2020/09/06 23:25","240","250","260","260","290","320","270","240","220","240","240","290","300","300","280","270","260"
"60196","2020/09/06 23:25","240","240","250","260","300","310","270","250","240","230","230","290","310","300","270","260","240"
"60216","2020/09/06 23:25","240","240","250","270","300","300","270","260","250","240","230","280","280","300","280","270","260"
"60226","2020/09/06 23:25","220","240","260","240","280","280","250","220","210","200","200","270","270","270","240","230","230"
"60236","2020/09/06 23:25","230","240","250","250","280","290","260","240","240","230","230","280","300","290","260","240","240"
"61001","2020/09/06 23:25","250","250","250","270","280","280","270","250","240","230","240","280","280","290","260","250","250"
"61076","2020/09/06 23:25","230","240","250","290","300","300","260","250","240","230","230","290","300","290","270","250","240"
"61111","2020/09/06 23:25","250","250","260","280","300","300","270","250","240","230","250","290","300","300","270","260","250"
"61187","2020/09/06 23:25","220","230","250","290","290","290","270","260","250","240","250","300","300","290","270","260","250"
"61206","2020/09/06 23:25","210","220","250","280","280","280","260","230","230","230","240","290","280","280","260","230","220"
"61242","2020/09/06 23:25","220","230","240","290","300","290","260","240","240","230","250","280","290","290","260","240","240"
"61286","2020/09/06 23:25","240","250","260","280","310","310","280","270","260","250","250","300","290","310","280","280","270"
"61326","2020/09/06 23:25","230","240","250","280","310","310","280","250","240","230","240","290","300","300","270","260","250"
"62016","2020/09/06 23:25","230","230","240","280","280","280","250","240","240","240","240","280","270","270","250","240","230"
"62046","2020/09/06 23:25","240","250","250","280","320","310","280","260","250","250","250","300","290","300","270","270","260"
"62078","2020/09/06 23:25","250","250","270","280","320","310","270","260","260","250","250","300","300","300","260","270","270"
"62081","2020/09/06 23:25","200","200","210","220","270","270","230","220","200","200","210","250","240","250","220","220","220"
"62091","2020/09/06 23:25","250","260","260","280","310","300","270","260","260","250","250","300","300","300","260","260","250"
"62131","2020/09/06 23:25","230","250","240","280","290","290","270","260","250","250","250","300","300","300","270","260","250"
"63016","2020/09/06 23:25","240","230","240","260","280","300","260","230","220","210","210","270","270","280","250","240","230"
"63051","2020/09/06 23:25","240","240","240","280","290","300","270","260","240","240","240","280","290","290","260","260","240"
"63071","2020/09/06 23:25","200","220","220","240","260","260","230","210","200","190","190","240","250","250","220","220","220"
"63121","2020/09/06 23:25","210","240","240","270","300","310","260","250","230","230","230","280","280","280","250","250","230"
"63201","2020/09/06 23:25","210","230","240","260","280","290","260","250","240","240","240","280","290","290","260","250","240"
"63216","2020/09/06 23:25","210","240","250","290","290","290","260","250","250","240","250","290","290","300","260","260","250"
"63251","2020/09/06 23:25","220","230","250","260","270","280","270","250","250","230","230","270","290","290","260","240","230"
"63321","2020/09/06 23:25","230","240","260","270","300","300","280","260","250","240","240","290","310","310","280","260","250"
"63331","2020/09/06 23:25","220","240","250","300","300","290","280","260","260","250","250","300","310","310","270","250","240"
"63366","2020/09/06 23:25","250","260","260","280","310","320","270","260","250","230","230","290","300","300","260","250","240"
"63383","2020/09/06 23:25","240","250","260","280","320","320","260","250","250","240","240","280","320","310","270","260","250"
"63411","2020/09/06 23:25","220","230","240","290","290","280","250","240","240","230","240","290","280","300","260","250","240"
"63461","2020/09/06 23:25","230","240","250","280","280","300","260","250","250","240","250","280","290","300","270","250","250"
"63491","2020/09/06 23:25","260","240","240","270","290","300","250","230","230","230","230","280","290","280","250","250","240"
"63496","2020/09/06 23:25","250","240","250","270","290","300","250","250","240","240","240","290","310","290","260","250","250"
"63518","2020/09/06 23:25","240","260","270","300","320","330","270","270","270","270","270","310","290","300","270","270","260"
"63551","2020/09/06 23:25","260","250","250","280","300","300","270","260","250","240","230","300","330","310","270","250","250"
"63571","2020/09/06 23:25","240","240","240","270","310","310","270","260","260","250","240","300","330","320","260","250","240"
"63588","2020/09/06 23:25","250","250","260","280","300","310","260","250","250","240","230","290","300","280","260","250","250"
"64036","2020/09/06 23:25","240","230","250","260","320","310","280","250","250","240","250","290","290","290","270","260","250"
"64041","2020/09/06 23:25","220","210","230","230","290","300","240","210","210","200","200","260","260","260","240","230","220"
"64101","2020/09/06 23:25","200","200","220","240","280","270","250","220","210","210","210","270","270","270","250","230","220"
"64127","2020/09/06 23:25","210","220","220","230","300","280","250","240","230","220","230","280","290","300","250","240","230"
"64206","2020/09/06 23:25","220","220","240","240","260","270","240","230","230","230","230","260","270","270","240","230","220"
"64227","2020/09/06 23:25","230","220","230","240","280","270","240","230","240","230","230","260","270","270","240","230","230"
"65026","2020/09/06 23:25","220","230","230","250","300","280","250","250","240","230","230","290","290","290","250","230","220"
"65036","2020/09/06 23:25","260","240","250","270","310","330","240","250","250","240","240","280","310","320","250","250","240"
"65042","2020/09/06 23:25","250","240","250","280","300","320","280","270","260","260","270","300","300","300","280","270","260"
"65061","2020/09/06 23:25","220","220","210","210","270","260","200","210","200","200","190","250","250","250","210","210","210"
"65121","2020/09/06 23:25","250","240","230","240","280","280","240","230","230","220","230","270","280","280","240","240","230"
"65162","2020/09/06 23:25","230","220","220","240","280","270","240","220","230","220","220","260","270","270","230","230","220"
"65201","2020/09/06 23:25","260","230","240","270","280","290","240","260","250","250","240","290","300","290","250","250","240"
"65256","2020/09/06 23:25","230","230","240","260","300","280","250","240","240","240","240","280","300","290","240","240","230"
"65276","2020/09/06 23:25","270","270","260","270","300","280","270","260","260","250","250","280","300","290","260","250","240"
"65306","2020/09/06 23:25","250","260","250","250","290","300","260","250","240","240","240","270","290","300","250","230","230"
"65356","2020/09/06 23:25","270","260","250","280","300","280","260","260","250","250","240","270","300","300","260","250","250"
"66046","2020/09/06 23:25","220","230","230","250","260","260","230","210","200","200","200","230","250","250","210","200","190"
"66091","2020/09/06 23:25","210","230","230","240","260","250","230","210","200","210","200","240","240","240","200","190","180"
"66127","2020/09/06 23:25","240","240","250","280","290","290","260","240","230","220","220","280","280","290","250","240","220"
"66136","2020/09/06 23:25","230","230","250","270","280","290","260","240","230","210","210","270","280","280","250","240","220"
"66171","2020/09/06 23:25","220","240","240","280","280","290","250","220","210","210","210","260","270","270","250","220","220"
"66186","2020/09/06 23:25","240","250","250","280","280","280","260","240","230","230","220","270","290","300","250","240","230"
"66221","2020/09/06 23:25","230","230","230","250","270","270","230","210","200","200","200","240","250","250","220","210","200"
"66296","2020/09/06 23:25","240","240","240","280","290","290","260","230","230","220","220","270","290","290","240","220","220"
"66306","2020/09/06 23:25","250","260","260","290","300","310","270","240","230","230","230","290","300","300","250","250","230"
"66336","2020/09/06 23:25","250","240","250","280","300","310","270","240","230","220","220","270","290","280","240","240","220"
"66408","2020/09/06 23:25","250","270","260","280","310","320","260","240","240","240","240","300","310","300","260","260","250"
"66421","2020/09/06 23:25","260","260","260","290","330","340","270","240","230","230","230","300","300","300","260","250","240"
"66446","2020/09/06 23:25","260","260","250","270","300","310","270","260","250","250","240","290","290","280","240","250","240"
"66481","2020/09/06 23:25","250","250","260","290","330","330","270","250","240","230","240","290","300","300","240","250","240"
"66501","2020/09/06 23:25","260","250","250","270","310","320","260","240","230","230","240","290","300","300","250","260","250"
"67016","2020/09/06 23:25","220","230","240","240","250","250","220","200","190","190","180","230","220","230","200","190","170"
"67106","2020/09/06 23:25","240","220","230","260","270","280","250","220","210","210","200","240","250","250","240","220","200"
"67116","2020/09/06 23:25","230","220","220","260","280","270","240","220","200","200","190","240","240","250","230","210","200"
"67151","2020/09/06 23:25","200","210","210","240","260","260","230","210","190","180","170","240","230","220","210","200","180"
"67191","2020/09/06 23:25","220","220","230","240","250","260","230","210","200","190","190","230","230","230","200","200","180"
"67212","2020/09/06 23:25","200","220","220","250","270","270","230","210","200","200","190","250","250","250","220","210","200"
"67292","2020/09/06 23:25","230","240","230","240","280","290","250","240","220","220","210","250","250","250","240","230","220"
"67316","2020/09/06 23:25","230","230","240","280","270","270","240","230","210","210","190","240","240","240","210","210","200"
"67326","2020/09/06 23:25","250","240","240","290","300","300","260","240","230","230","240","270","280","270","230","240","230"
"67376","2020/09/06 23:25","220","220","220","230","280","290","250","240","220","210","200","250","250","250","230","220","200"
"67401","2020/09/06 23:25","250","250","260","300","320","310","270","250","230","230","230","280","300","290","240","240","230"
"67421","2020/09/06 23:25","220","230","240","250","280","280","230","220","210","200","190","250","250","250","230","210","200"
"67437","2020/09/06 23:25","240","240","240","260","310","310","270","250","240","230","230","260","270","270","260","270","250"
"67461","2020/09/06 23:25","250","240","240","280","300","290","250","250","240","240","230","260","260","250","220","240","240"
"67471","2020/09/06 23:25","260","250","250","300","320","310","260","250","240","240","250","290","300","290","240","240","240"
"67496","2020/09/06 23:25","240","240","240","260","300","310","260","240","230","220","210","270","270","280","250","250","240"
"67511","2020/09/06 23:25","240","240","230","260","300","310","270","250","250","240","230","270","270","270","250","250","250"
"67576","2020/09/06 23:25","240","230","230","270","320","310","250","250","240","230","220","270","280","290","230","250","240"
"68022","2020/09/06 23:25","260","250","260","290","300","300","260","230","210","210","230","260","290","300","230","210","220"
"68056","2020/09/06 23:25","240","250","260","290","300","300","250","220","210","220","230","270","290","290","230","220","230"
"68091","2020/09/06 23:25","240","250","260","290","290","280","250","220","210","200","200","260","280","280","250","220","210"
"68132","2020/09/06 23:25","250","260","250","290","270","270","260","240","230","210","210","260","270","280","260","250","240"
"68156","2020/09/06 23:25","250","250","250","290","290","280","260","220","210","200","200","260","270","270","250","220","220"
"68246","2020/09/06 23:25","260","240","250","270","300","300","250","230","210","200","200","270","260","270","240","230","220"
"68261","2020/09/06 23:25","240","240","250","260","280","280","250","230","210","210","190","250","240","270","240","210","200"
"68276","2020/09/06 23:25","220","220","240","270","270","260","240","220","210","200","190","240","230","250","240","200","190"
"68306","2020/09/06 23:25","210","210","220","230","250","240","220","200","180","180","170","230","210","220","200","190","180"
"68351","2020/09/06 23:25","230","220","220","250","290","280","250","220","210","200","190","230","240","250","230","220","200"
"68376","2020/09/06 23:25","240","230","230","270","300","290","250","240","230","220","220","260","270","260","240","230","230"
"68401","2020/09/06 23:25","210","220","220","240","260","260","240","210","190","180","170","240","230","230","220","210","180"
"68431","2020/09/06 23:25","220","220","220","250","270","270","230","210","190","200","180","240","240","240","210","190","180"
"68462","2020/09/06 23:25","260","240","240","260","290","300","260","240","220","220","210","260","270","270","250","240","230"
"68516","2020/09/06 23:25","220","240","250","250","270","280","260","240","230","230","210","260","260","270","240","230","220"
"68541","2020/09/06 23:25","230","230","230","240","260","270","230","220","220","220","210","230","240","250","230","220","200"
"69006","2020/09/06 23:25","250","250","250","300","310","310","260","230","200","210","200","260","290","310","270","240","240"
"69021","2020/09/06 23:25","240","250","250","280","300","310","250","220","200","200","220","270","280","280","250","230","230"
"69041","2020/09/06 23:25","230","230","240","280","300","310","260","220","210","200","200","280","280","290","260","240","230"
"69061","2020/09/06 23:25","240","230","240","280","290","300","260","210","200","210","230","280","290","290","240","220","220"
"69076","2020/09/06 23:25","240","260","270","290","320","310","270","230","210","210","210","270","280","300","260","260","240"
"69101","2020/09/06 23:25","250","230","240","270","290","290","260","230","210","210","210","270","260","270","250","250","240"
"69122","2020/09/06 23:25","230","240","250","280","290","300","270","250","240","230","240","280","290","290","260","250","240"
"69246","2020/09/06 23:25","240","230","240","270","300","290","250","230","230","220","210","280","290","290","240","220","220"
"69271","2020/09/06 23:25","200","220","230","250","260","250","230","200","190","190","190","230","220","240","220","190","180"
"81011","2020/09/06 23:25","220","230","230","240","270","280","240","220","210","210","200","250","260","260","230","220","210"
"81071","2020/09/06 23:25","240","240","250","250","280","280","260","230","220","220","210","270","280","280","250","240","230"
"81116","2020/09/06 23:25","240","250","250","240","260","280","260","240","230","230","220","250","280","280","250","220","220"
"81151","2020/09/06 23:25","230","240","250","240","260","270","240","220","220","210","200","240","250","250","230","210","200"
"81196","2020/09/06 23:25","230","220","240","240","250","260","230","210","210","210","200","250","260","260","230","210","200"
"81231","2020/09/06 23:25","220","230","230","250","280","290","250","230","220","220","210","250","280","280","240","230","210"
"81266","2020/09/06 23:25","250","250","250","230","260","270","240","220","220","210","210","250","270","280","240","200","190"
"81286","2020/09/06 23:25","250","240","260","280","280","280","250","240","230","230","220","270","290","280","250","240","230"
"81321","2020/09/06 23:25","240","230","230","250","300","310","270","240","230","220","210","270","270","280","250","240","230"
"81371","2020/09/06 23:25","250","250","260","270","300","290","250","240","230","220","220","270","290","290","240","240","220"
"81386","2020/09/06 23:25","230","240","250","270","310","310","250","240","240","230","220","260","290","290","250","240","240"
"81397","2020/09/06 23:25","230","240","250","250","290","300","250","240","230","210","200","260","280","280","250","230","230"
"81428","2020/09/06 23:25","250","250","240","230","270","280","250","240","230","230","220","250","280","280","250","240","230"
"81481","2020/09/06 23:25","230","230","240","270","300","300","260","240","240","220","210","260","270","270","250","250","230"
"81486","2020/09/06 23:25","240","230","240","260","290","300","260","240","240","220","210","260","280","280","240","230","220"
"71066","2020/09/06 23:25","230","200","200","240","300","290","240","220","220","220","220","270","280","260","230","230","210"
"71087","2020/09/06 23:25","240","210","210","250","300","290","240","230","230","240","230","280","300","260","240","240","230"
"71106","2020/09/06 23:25","260","250","250","280","320","310","270","250","250","240","240","300","300","290","270","270","260"
"71191","2020/09/06 23:25","210","210","210","230","260","270","220","200","210","210","200","250","260","260","200","200","190"
"71231","2020/09/06 23:25","270","260","260","270","300","290","260","260","260","250","250","280","300","290","260","260","260"
"71251","2020/09/06 23:25","230","220","210","240","270","280","230","210","210","210","220","260","300","290","230","210","200"
"71266","2020/09/06 23:25","270","270","260","270","300","290","250","250","250","250","250","300","320","290","260","260","250"
"71291","2020/09/06 23:25","270","260","250","270","320","310","270","250","240","230","230","300","300","300","260","250","230"
"72061","2020/09/06 23:25","250","250","250","280","330","330","260","240","240","230","240","290","300","280","240","250","250"
"72086","2020/09/06 23:25","260","240","240","280","320","330","290","270","260","260","250","300","320","310","250","270","250"
"72111","2020/09/06 23:25","250","240","240","270","320","330","270","260","250","240","230","290","320","300","240","260","250"
"72121","2020/09/06 23:25","240","230","220","270","320","330","270","240","230","230","240","300","310","290","250","240","230"
"72146","2020/09/06 23:25","260","250","250","290","320","330","270","240","240","230","230","290","300","300","260","250","240"
"72161","2020/09/06 23:25","240","230","230","260","310","320","260","230","230","230","220","290","310","290","230","230","220"
"73001","2020/09/06 23:25","240","230","240","270","320","310","250","230","210","230","240","280","290","280","230","220","210"
"73076","2020/09/06 23:25","240","240","230","260","300","310","260","240","230","230","230","280","290","280","250","240","230"
"73126","2020/09/06 23:25","240","230","230","260","310","310","270","250","240","230","220","280","300","290","250","240","230"
"73141","2020/09/06 23:25","230","210","210","240","280","280","250","220","210","210","210","290","290","290","240","230","230"
"73151","2020/09/06 23:25","270","240","220","250","300","300","250","240","230","220","230","290","300","280","250","250","250"
"73166","2020/09/06 23:25","250","240","240","270","320","300","270","250","250","240","240","280","280","270","260","270","260"
"73256","2020/09/06 23:25","250","230","230","250","310","310","270","270","250","250","230","260","250","260","240","250","250"
"73276","2020/09/06 23:25","220","220","230","240","270","280","240","210","200","200","220","260","250","240","220","220","210"
"73306","2020/09/06 23:25","260","240","220","270","300","310","270","250","240","240","230","270","300","280","250","240","230"
"73341","2020/09/06 23:25","260","230","230","250","290","280","250","250","240","230","220","260","280","270","240","240","230"
"73406","2020/09/06 23:25","240","230","240","270","300","310","260","250","240","240","230","270","280","280","240","230","230"
"73442","2020/09/06 23:25","250","240","250","270","310","310","280","260","250","250","240","280","290","290","260","250","240"
"73446","2020/09/06 23:25","240","230","230","250","270","290","260","240","230","220","210","270","270","270","250","230","230"
"73516","2020/09/06 23:25","260","260","260","270","300","300","260","250","250","250","240","270","290","290","250","240","240"
"74056","2020/09/06 23:25","220","210","210","230","250","250","220","220","210","210","220","240","240","220","200","200","190"
"74071","2020/09/06 23:25","250","230","230","260","290","270","240","220","230","230","220","270","280","260","220","220","210"
"74136","2020/09/06 23:25","270","240","230","250","290","290","250","240","230","230","220","260","280","280","240","230","220"
"74181","2020/09/06 23:25","270","260","250","250","310","290","260","240","250","240","240","300","300","280","270","270","250"
"74187","2020/09/06 23:25","270","260","260","260","310","290","260","240","250","240","240","290","290","280","260","250","240"
"74271","2020/09/06 23:25","290","260","240","260","300","300","270","250","250","250","240","300","300","280","250","240","230"
"74296","2020/09/06 23:25","220","230","230","230","260","270","230","220","220","220","210","250","260","270","220","210","210"
"74311","2020/09/06 23:25","260","240","240","260","300","300","260","230","230","230","240","290","280","270","260","250","240"
"74361","2020/09/06 23:25","250","250","240","240","280","290","250","230","230","230","220","270","290","280","240","220","220"
"74372","2020/09/06 23:25","260","250","250","270","290","280","240","240","230","240","230","270","290","290","240","230","230"
"74381","2020/09/06 23:25","260","230","230","260","280","290","260","240","230","230","230","270","280","290","250","230","230"
"74436","2020/09/06 23:25","270","250","240","270","290","300","260","230","240","240","230","290","300","280","260","240","230"
"74447","2020/09/06 23:25","260","260","240","270","300","290","260","240","240","240","240","280","280","280","260","260","250"
"74456","2020/09/06 23:25","270","240","240","260","290","300","260","240","240","240","240","290","300","300","260","250","230"
"74516","2020/09/06 23:25","270","260","240","260","300","290","240","240","250","250","240","270","300","290","250","250","250"
"82046","2020/09/06 23:25","250","250","230","230","260","270","250","230","230","220","220","260","260","260","240","220","220"
"82056","2020/09/06 23:25","250","250","240","230","260","270","250","230","230","210","210","260","270","270","240","230","230"
"82101","2020/09/06 23:25","240","240","240","230","280","290","250","230","230","220","210","270","270","270","250","230","220"
"82136","2020/09/06 23:25","260","270","240","220","270","280","250","240","230","220","210","250","260","250","240","230","240"
"82171","2020/09/06 23:25","250","260","230","230","260","280","250","230","230","230","210","260","260","250","240","230","230"
"82182","2020/09/06 23:25","250","250","230","230","270","290","250","240","230","220","220","260","270","250","230","240","240"
"82191","2020/09/06 23:25","250","240","220","230","270","280","250","240","230","220","220","270","270","260","230","220","220"
"82206","2020/09/06 23:25","250","240","230","230","270","280","240","230","230","210","200","260","260","260","230","210","210"
"82261","2020/09/06 23:25","270","270","230","230","270","280","240","230","230","220","210","260","260","250","240","230","220"
"82306","2020/09/06 23:25","260","270","240","240","270","290","250","240","230","220","220","260","260","260","240","240","230"
"82317","2020/09/06 23:25","260","240","220","220","250","270","240","220","210","210","200","250","260","240","230","220","200"
"82361","2020/09/06 23:25","260","250","230","220","250","260","250","230","220","220","220","250","250","240","230","220","210"
"83021","2020/09/06 23:25","240","230","240","250","280","290","240","220","200","190","180","260","280","270","250","240","230"
"83051","2020/09/06 23:25","250","250","240","240","280","280","250","230","210","210","200","260","260","260","250","240","230"
"83061","2020/09/06 23:25","250","250","240","250","290","290","250","230","210","200","190","260","270","280","250","240","220"
"83106","2020/09/06 23:25","240","230","230","230","290","280","250","230","210","210","180","260","270","260","230","240","230"
"83121","2020/09/06 23:25","260","250","250","250","290","290","250","230","220","200","180","270","260","260","250","250","240"
"83137","2020/09/06 23:25","250","240","220","230","270","280","260","230","230","220","210","250","260","250","250","230","210"
"83191","2020/09/06 23:25","230","240","230","230","260","270","240","210","200","190","180","240","250","250","220","200","200"
"83201","2020/09/06 23:25","230","230","230","220","260","270","230","210","190","190","170","230","250","250","220","210","200"
"83216","2020/09/06 23:25","250","240","240","260","290","300","250","250","230","210","200","270","280","270","260","270","250"
"83341","2020/09/06 23:25","230","230","230","250","290","280","250","230","210","200","180","260","300","290","250","240","220"
"83371","2020/09/06 23:25","230","230","230","230","280","270","240","220","210","200","190","250","260","250","240","230","220"
"83401","2020/09/06 23:25","260","250","240","260","300","310","270","250","240","220","200","270","300","300","270","250","240"
"83431","2020/09/06 23:25","240","240","220","250","280","290","250","220","210","190","170","250","290","270","240","230","210"
"83476","2020/09/06 23:25","270","260","250","260","290","300","250","240","240","230","220","260","290","280","260","250","240"
"84012","2020/09/06 23:25","220","230","230","200","230","230","210","210","210","200","200","230","270","270","230","220","220"
"84072","2020/09/06 23:25","250","260","240","230","240","250","240","210","230","220","210","250","270","280","250","230","220"
"84121","2020/09/06 23:25","250","240","220","210","230","240","230","220","220","210","200","240","250","250","220","210","200"
"84171","2020/09/06 23:25","250","240","230","220","240","240","230","220","220","210","200","240","260","250","220","210","200"
"84183","2020/09/06 23:25","250","250","230","230","250","260","240","220","230","230","210","250","280","270","240","220","210"
"84266","2020/09/06 23:25","250","250","230","240","260","270","240","240","230","230","230","260","260","250","240","230","230"
"84341","2020/09/06 23:25","250","250","230","230","260","270","240","230","230","220","210","240","260","270","240","220","210"
"84356","2020/09/06 23:25","230","240","220","230","250","260","230","220","220","220","220","240","250","240","210","220","220"
"84496","2020/09/06 23:25","250","240","220","230","260","270","240","230","220","220","220","250","250","260","230","230","230"
"84519","2020/09/06 23:25","230","220","190","190","220","220","190","190","180","170","170","200","220","220","180","170","180"
"84523","2020/09/06 23:25","270","250","230","230","260","280","240","240","220","210","210","250","270","290","240","230","230"
"84536","2020/09/06 23:25","250","250","220","220","250","260","230","230","210","210","200","240","260","270","220","210","190"
"84561","2020/09/06 23:25","270","250","220","230","260","270","240","220","210","210","210","250","270","260","220","210","210"
"84596","2020/09/06 23:25","230","220","210","210","230","250","220","210","200","200","200","230","250","250","210","210","210"
"85033","2020/09/06 23:25","250","250","230","230","250","260","250","230","230","230","210","260","270","260","240","230","220"
"85116","2020/09/06 23:25","230","240","230","230","250","270","240","240","230","230","220","260","260","260","240","230","220"
"85142","2020/09/06 23:25","250","260","240","230","270","290","250","240","230","220","220","260","260","260","240","240","230"
"85161","2020/09/06 23:25","240","230","220","220","250","260","230","230","220","210","210","250","250","250","220","220","210"
"85166","2020/09/06 23:25","250","260","230","230","270","280","250","230","230","220","220","260","260","260","230","230","220"
"86006","2020/09/06 23:25","260","230","220","220","260","270","240","220","210","200","200","240","240","240","240","210","190"
"86066","2020/09/06 23:25","220","220","210","210","240","250","220","210","200","190","170","230","240","250","220","200","180"
"86086","2020/09/06 23:25","270","260","220","230","270","280","240","230","220","220","210","250","250","250","230","230","220"
"86101","2020/09/06 23:25","270","270","250","230","280","270","240","230","220","210","200","250","260","250","240","220","210"
"86111","2020/09/06 23:25","230","220","220","210","240","250","210","210","200","190","180","230","230","230","200","200","180"
"86141","2020/09/06 23:25","260","260","230","230","280","270","250","240","230","220","220","260","250","260","240","230","230"
"86157","2020/09/06 23:25","230","230","200","220","270","260","230","210","190","190","170","230","250","240","210","200","190"
"86161","2020/09/06 23:25","220","230","220","210","260","250","220","200","200","190","180","220","220","230","210","200","190"
"86216","2020/09/06 23:25","260","250","220","220","290","280","240","230","220","200","200","250","270","270","230","230","220"
"86236","2020/09/06 23:25","230","230","220","240","280","270","250","230","210","210","200","250","270","260","240","220","210"
"86271","2020/09/06 23:25","270","240","220","220","270","290","240","220","220","210","200","240","270","260","230","220","220"
"86316","2020/09/06 23:25","270","240","220","230","270","280","230","220","200","200","190","250","260","270","230","210","210"
"86336","2020/09/06 23:25","260","240","220","240","300","290","250","240","230","210","210","260","270","280","240","230","220"
"86451","2020/09/06 23:25","260","240","230","240","300","290","250","230","220","210","200","260","270","260","240","230","220"
"86467","2020/09/06 23:25","240","230","220","240","290","270","250","230","220","210","190","240","260","270","240","220","200"
"86477","2020/09/06 23:25","230","220","220","250","290","280","240","230","210","200","190","240","250","260","240","220","200"
"86491","2020/09/06 23:25","250","240","230","240","280","290","240","230","220","210","210","240","270","280","240","230","230"
"87041","2020/09/06 23:25","230","230","210","230","280","260","230","210","200","180","170","230","250","260","230","220","200"
"87066","2020/09/06 23:25","260","250","240","260","300","290","250","240","230","220","210","260","280","280","260","250","230"
"87071","2020/09/06 23:25","210","220","200","220","270","260","220","190","180","170","150","230","240","220","200","190","170"
"87141","2020/09/06 23:25","260","250","240","260","300","300","260","230","230","210","190","250","290","280","260","250","240"
"87181","2020/09/06 23:25","260","240","220","260","300","290","250","230","220","210","200","260","270","270","250","240","230"
"87206","2020/09/06 23:25","240","230","220","250","290","280","240","220","210","190","180","240","260","270","230","220","190"
"87231","2020/09/06 23:25","240","230","210","250","280","280","240","230","220","210","200","240","250","250","220","210","200"
"87293","2020/09/06 23:25","250","240","230","260","290","280","250","230","220","210","190","260","260","270","240","220","210"
"87301","2020/09/06 23:25","230","230","230","230","260","270","240","230","220","200","190","250","250","260","240","220","200"
"87331","2020/09/06 23:25","250","250","230","270","290","300","260","230","220","220","200","260","280","280","250","220","210"
"87352","2020/09/06 23:25","230","230","220","250","280","270","240","230","220","210","200","260","250","260","230","230","210"
"87376","2020/09/06 23:25","250","250","230","270","290","300","260","240","230","230","210","270","280","280","250","240","230"
"87406","2020/09/06 23:25","250","230","220","250","280","290","250","240","220","220","210","260","260","260","240","230","220"
"87426","2020/09/06 23:25","240","230","230","250","280","270","250","230","230","210","210","260","260","260","240","240","210"
"87492","2020/09/06 23:25","250","240","250","260","300","290","260","240","230","220","210","260","280","270","250","240","230"
"87501","2020/09/06 23:25","260","250","240","270","290","300","260","250","230","230","210","270","280","280","250","230","220"
"88061","2020/09/06 23:25","250","240","230","230","290","290","240","220","210","210","210","250","270","270","230","230","230"
"88081","2020/09/06 23:25","240","220","220","240","270","280","240","220","210","190","180","240","250","260","240","220","200"
"88107","2020/09/06 23:25","250","240","230","250","270","280","260","220","210","200","190","250","260","270","240","230","200"
"88131","2020/09/06 23:25","250","240","240","240","290","290","250","230","210","210","210","250","280","290","250","220","210"
"88151","2020/09/06 23:25","250","230","220","250","290","290","260","230","220","210","200","260","280","290","240","220","210"
"88261","2020/09/06 23:25","250","240","230","250","290","290","250","230","210","210","200","260","270","280","240","230","220"
"88286","2020/09/06 23:25","230","220","210","230","260","250","220","210","200","200","190","240","230","240","220","210","200"
"88317","2020/09/06 23:25","260","240","230","260","290","280","250","240","220","210","210","260","270","270","260","260","230"
"88331","2020/09/06 23:25","220","220","220","230","250","260","230","210","210","200","190","240","240","240","220","210","190"
"88371","2020/09/06 23:25","250","240","240","260","280","280","260","230","220","210","200","270","280","280","250","230","210"
"88406","2020/09/06 23:25","250","240","210","250","290","290","250","230","220","220","190","260","270","270","240","220","210"
"88432","2020/09/06 23:25","250","250","240","250","290","280","240","230","210","200","190","250","270","280","250","230","210"
"88442","2020/09/06 23:25","250","240","230","260","270","280","250","230","220","220","220","260","270","270","240","230","220"
"88447","2020/09/06 23:25","250","240","240","260","280","290","250","230","220","220","210","260","280","270","240","230","220"
"88466","2020/09/06 23:25","250","240","230","260","290","280","250","240","220","210","210","260","290","280","250","220","210"
"88486","2020/09/06 23:25","260","250","230","260","280","290","250","240","220","220","200","260","270","280","250","230","220"
"88506","2020/09/06 23:25","260","250","250","260","290","300","250","230","220","210","210","270","280","270","250","220","210"
"88536","2020/09/06 23:25","240","240","240","250","260","270","250","220","210","200","190","250","260","260","230","210","200"
"88612","2020/09/06 23:25","250","240","240","260","290","290","260","240","230","230","230","270","280","270","240","220","220"
"88666","2020/09/06 23:25","240","230","240","250","280","270","250","220","230","230","220","270","280","270","240","220","220"
"88686","2020/09/06 23:25","250","230","230","250","290","280","240","220","210","200","210","270","270","270","240","220","210"
"88706","2020/09/06 23:25","250","240","250","270","290","300","250","250","240","230","230","280","290","270","240","240","240"
"88736","2020/09/06 23:25","230","220","220","240","270","260","230","220","210","200","190","250","270","270","230","200","190"
"88836","2020/09/06 23:25","250","240","250","270","290","290","250","240","240","230","220","280","280","280","250","230","230"
"88901","2020/09/06 23:25","260","250","250","280","290","300","260","250","250","240","240","270","280","280","260","250","240"
"88956","2020/09/06 23:25","240","240","240","270","290","290","250","250","240","240","230","270","290","290","250","230","230"
"88971","2020/09/06 23:25","250","240","240","270","290","290","250","240","240","240","230","270","290","290","250","240","240"
"91011","2020/09/06 23:25","250","240","240","270","300","290","230","240","230","220","220","270","290","290","260","240","230"
"91021","2020/09/06 23:25","230","220","210","250","270","260","220","220","210","220","220","260","280","280","230","220","210"
"91107","2020/09/06 23:25","260","240","240","280","290","280","260","250","250","240","230","280","290","280","250","240","240"
"91146","2020/09/06 23:25","240","240","240","280","280","270","240","230","220","220","220","260","270","280","250","230","230"
"91166","2020/09/06 23:25","230","230","230","260","270","260","230","230","240","230","220","260","280","280","240","240","240"
"91181","2020/09/06 23:25","230","230","230","250","250","240","220","220","220","210","210","240","260","260","230","220","220"
"91197","2020/09/06 23:25","240","240","240","260","270","270","240","250","240","240","240","260","290","280","240","240","240"
"91241","2020/09/06 23:25","230","220","220","250","260","260","220","230","220","220","220","250","270","270","220","220","220"
"92011","2020/09/06 23:25","250","250","250","280","290","290","250","240","240","230","220","280","310","300","260","250","240"
"93041","2020/09/06 23:25","240","240","220","260","270","270","240","230","220","220","210","270","290","290","260","240","230"
"94001","2020/09/06 23:25","240","230","220","250","280","290","250","230","230","230","220","260","280","290","270","250","250"
"94017","2020/09/06 23:25","240","220","220","260","280","280","250","230","230","230","230","260","300","290","270","250","240"
"94062","2020/09/06 23:25","240","230","220","250","290","290","250","220","220","220","220","260","290","300","270","250","240"
"94081","2020/09/06 23:25","240","240","230","260","280","290","260","240","240","250","240","260","300","300","270","260","250"
"94101","2020/09/06 23:25","230","220","210","260","280","270","250","230","220","210","210","260","290","300","270","250","250"
"94116","2020/09/06 23:25","230","230","220","250","290","290","260","240","230","220","220","260","300","300","270","250","250"